(1104.0, -112.0, -16.0, 0.002)
(1712.0, -128.0, 16.0, 0.067)
(2048.0, -96.0, 64.0, 0.133)
(2048.0, -80.0, 48.0, 0.199)
(1744.0, 0.0, 48.0, 0.264)
(1312.0, 48.0, 0.0, 0.326)
(896.0, 96.0, 16.0, 0.39)
(640.0, 160.0, 0.0, 0.455)
(640.0, 64.0, 48.0, 0.521)
(928.0, 96.0, 48.0, 0.585)
(1360.0, 0.0, 112.0, 0.646)
(1824.0, -16.0, 112.0, 0.712)
(2048.0, -160.0, 64.0, 0.778)
(2000.0, -112.0, 64.0, 0.843)
(1616.0, -144.0, 48.0, 0.909)
(1168.0, -144.0, 32.0, 0.976)
(704.0, -160.0, 32.0, 1.041)
(512.0, -192.0, 16.0, 1.102)
(640.0, -176.0, 32.0, 1.166)
(960.0, -128.0, 32.0, 1.233)
(1536.0, -144.0, 48.0, 1.297)
(1920.0, -80.0, 48.0, 1.361)
(2032.0, -80.0, 80.0, 1.423)
(1904.0, 0.0, 48.0, 1.489)
(1376.0, 48.0, 48.0, 1.554)
(992.0, 112.0, 48.0, 1.62)
(720.0, 144.0, 32.0, 1.685)
(688.0, 128.0, 16.0, 1.751)
(864.0, 96.0, 32.0, 1.817)
(1248.0, 32.0, 16.0, 1.879)
(1632.0, -48.0, 32.0, 1.942)
(1952.0, -112.0, 48.0, 2.008)
(1920.0, -80.0, 64.0, 2.074)
(1616.0, -112.0, 64.0, 2.137)
(1216.0, -144.0, 80.0, 2.199)
(752.0, -160.0, 48.0, 2.265)
(608.0, -128.0, 48.0, 2.33)
(688.0, -144.0, 48.0, 2.396)
(1056.0, -144.0, 48.0, 2.462)
(1472.0, -112.0, 48.0, 2.527)
(1792.0, -80.0, 48.0, 2.593)
(1920.0, -64.0, 48.0, 2.655)
(1696.0, 0.0, 32.0, 2.719)
(1344.0, 48.0, 16.0, 2.784)
(1008.0, 128.0, 0.0, 2.85)
(720.0, 128.0, 32.0, 2.914)
(720.0, 112.0, 32.0, 2.975)
(912.0, 64.0, 32.0, 3.041)
(1232.0, 48.0, 32.0, 3.107)
(1680.0, -32.0, 48.0, 3.172)
(1840.0, -144.0, 48.0, 3.238)
(1792.0, -96.0, 48.0, 3.304)
(1408.0, -144.0, 48.0, 3.369)
(1040.0, -160.0, 32.0, 3.431)
(768.0, -160.0, 48.0, 3.495)
(640.0, -160.0, 32.0, 3.56)
(800.0, -112.0, 32.0, 3.626)
(1088.0, -112.0, 32.0, 3.69)
(1424.0, -128.0, 16.0, 3.752)
(1712.0, -80.0, 16.0, 3.817)
(1792.0, -48.0, 48.0, 3.883)
(1600.0, 0.0, 48.0, 3.949)
(1296.0, 48.0, 32.0, 4.014)
(960.0, 96.0, 48.0, 4.081)
(752.0, 160.0, 16.0, 4.146)
(784.0, 112.0, 32.0, 4.208)
(976.0, 96.0, 32.0, 4.271)
(1264.0, 16.0, 16.0, 4.338)
(1632.0, -32.0, 48.0, 4.402)
(1760.0, -96.0, 48.0, 4.466)
(1664.0, -128.0, 16.0, 4.528)
(1424.0, -144.0, 32.0, 4.595)
(992.0, -128.0, 32.0, 4.659)
(768.0, -144.0, 32.0, 4.725)
(672.0, -160.0, 32.0, 4.791)
(864.0, -96.0, 16.0, 4.856)
(1136.0, -144.0, 32.0, 4.922)
(1456.0, -96.0, 32.0, 4.984)
(1696.0, -96.0, 48.0, 5.047)
(1680.0, 0.0, 48.0, 5.113)
(1488.0, 16.0, 48.0, 5.179)
(1200.0, 64.0, 32.0, 5.243)
(912.0, 96.0, 32.0, 5.304)
(784.0, 144.0, 16.0, 5.37)
(848.0, 112.0, 32.0, 5.436)
(1040.0, 112.0, 0.0, 5.501)
(1408.0, 16.0, 16.0, 5.567)
(1616.0, -48.0, 32.0, 5.633)
(1680.0, -80.0, 48.0, 5.698)
(1552.0, -128.0, 64.0, 5.76)
(1216.0, -128.0, 48.0, 5.824)
(928.0, -128.0, 48.0, 5.889)
(736.0, -144.0, 48.0, 5.955)
(752.0, -144.0, 48.0, 6.019)
(960.0, -96.0, 32.0, 6.08)
(1216.0, -112.0, 48.0, 6.146)
(1488.0, -80.0, 64.0, 6.212)
(1648.0, -64.0, 64.0, 6.277)
(1584.0, 0.0, 32.0, 6.343)
(1360.0, 32.0, 48.0, 6.409)
(1024.0, 64.0, 32.0, 6.475)
(848.0, 96.0, 16.0, 6.536)
(800.0, 96.0, 32.0, 6.6)
(896.0, 80.0, 32.0, 6.666)
(1200.0, 32.0, 32.0, 6.731)
(1440.0, -16.0, 48.0, 6.795)
(1600.0, -48.0, 48.0, 6.857)
(1584.0, -96.0, 64.0, 6.92)
(1424.0, -144.0, 64.0, 6.982)
(1104.0, -112.0, 48.0, 7.048)
(880.0, -112.0, 32.0, 7.114)
(752.0, -144.0, 32.0, 7.179)
(832.0, -128.0, 48.0, 7.245)
(1040.0, -96.0, 64.0, 7.245)
(1296.0, -112.0, 48.0, 7.307)
(1520.0, -48.0, 48.0, 7.37)
(1584.0, -32.0, 64.0, 7.437)
(1472.0, 0.0, 48.0, 7.502)
(1248.0, 48.0, 32.0, 7.566)
(1008.0, 64.0, 32.0, 7.627)
(848.0, 80.0, 32.0, 7.694)
(848.0, 80.0, 32.0, 7.759)
(992.0, 64.0, 32.0, 7.824)
(1200.0, 48.0, 16.0, 7.89)
(1472.0, -16.0, 32.0, 7.956)
(1552.0, -80.0, 64.0, 8.021)
(1504.0, -112.0, 64.0, 8.087)
(1232.0, -128.0, 64.0, 8.153)
(1008.0, -96.0, 32.0, 8.218)
(832.0, -112.0, 32.0, 8.282)
(784.0, -128.0, 48.0, 8.344)
(928.0, -96.0, 32.0, 8.41)
(1152.0, -96.0, 48.0, 8.475)
(1360.0, -80.0, 48.0, 8.541)
(1536.0, -32.0, 48.0, 8.607)
(1488.0, -32.0, 80.0, 8.672)
(1328.0, 48.0, 16.0, 8.738)
(1120.0, 48.0, 32.0, 8.8)
(896.0, 64.0, 32.0, 8.863)
(848.0, 96.0, 16.0, 8.929)
(928.0, 96.0, 16.0, 8.995)
(1152.0, 32.0, 32.0, 9.059)
(1344.0, -16.0, 48.0, 9.121)
(1488.0, -48.0, 64.0, 9.186)
(1504.0, -80.0, 48.0, 9.252)
(1312.0, -112.0, 48.0, 9.318)
(1088.0, -112.0, 48.0, 9.383)
(896.0, -160.0, 32.0, 9.449)
(800.0, -128.0, 32.0, 9.515)
(864.0, -128.0, 32.0, 9.576)
(1024.0, -96.0, 32.0, 9.64)
(1232.0, -96.0, 32.0, 9.706)
(1440.0, -96.0, 48.0, 9.771)
(1488.0, -48.0, 64.0, 9.835)
(1376.0, 0.0, 48.0, 9.897)
(1200.0, 48.0, 32.0, 9.963)
(960.0, 64.0, 32.0, 10.028)
(864.0, 80.0, 32.0, 10.094)
(880.0, 64.0, 16.0, 10.16)
(992.0, 32.0, 32.0, 10.226)
(1248.0, 16.0, 32.0, 10.291)
(1408.0, -32.0, 64.0, 10.353)
(1472.0, -64.0, 48.0, 10.416)
(1408.0, -112.0, 48.0, 10.483)
(1168.0, -112.0, 48.0, 10.548)
(992.0, -96.0, 32.0, 10.612)
(864.0, -96.0, 16.0, 10.673)
(816.0, -112.0, 32.0, 10.739)
(960.0, -96.0, 32.0, 10.804)
(1136.0, -80.0, 32.0, 10.87)
(1328.0, -80.0, 48.0, 10.936)
(1456.0, -32.0, 48.0, 11.002)
(1408.0, 0.0, 32.0, 11.067)
(1264.0, 32.0, 32.0, 11.129)
(1088.0, 64.0, 32.0, 11.193)
(912.0, 64.0, 16.0, 11.258)
(880.0, 80.0, 16.0, 11.324)
(960.0, 64.0, 16.0, 11.388)
(1104.0, 48.0, 16.0, 11.449)
(1312.0, 0.0, 48.0, 11.515)
(1408.0, -64.0, 64.0, 11.581)
(1392.0, -80.0, 48.0, 11.646)
(1232.0, -112.0, 48.0, 11.712)
(1056.0, -96.0, 48.0, 11.778)
(896.0, -128.0, 32.0, 11.844)
(848.0, -128.0, 32.0, 11.905)
(912.0, -112.0, 32.0, 11.969)
(1072.0, -96.0, 32.0, 12.035)
(1248.0, -96.0, 48.0, 12.1)
(1392.0, -32.0, 48.0, 12.164)
(1392.0, -16.0, 48.0, 12.226)
(1296.0, 0.0, 32.0, 12.291)
(1136.0, 48.0, 32.0, 12.357)
(944.0, 48.0, 32.0, 12.423)
(880.0, 64.0, 16.0, 12.488)
(912.0, 64.0, 32.0, 12.554)
(1088.0, 32.0, 32.0, 12.62)
(1248.0, 0.0, 32.0, 12.682)
(1360.0, -32.0, 48.0, 12.745)
(1376.0, -64.0, 48.0, 12.811)
(1264.0, -96.0, 48.0, 12.877)
(1104.0, -112.0, 48.0, 12.94)
(960.0, -80.0, 32.0, 13.002)
(864.0, -96.0, 32.0, 13.068)
(880.0, -112.0, 32.0, 13.133)
(1008.0, -80.0, 32.0, 13.199)
(1152.0, -96.0, 48.0, 13.265)
(1296.0, -64.0, 48.0, 13.331)
(1376.0, -48.0, 64.0, 13.396)
(1312.0, 0.0, 48.0, 13.458)
(1184.0, 32.0, 32.0, 13.527)
(992.0, 64.0, 16.0, 13.593)
(912.0, 64.0, 16.0, 13.657)
(912.0, 64.0, 32.0, 13.719)
(1008.0, 48.0, 32.0, 13.784)
(1184.0, 16.0, 32.0, 13.85)
(1312.0, -16.0, 48.0, 13.916)
(1360.0, -48.0, 48.0, 13.981)
(1280.0, -80.0, 48.0, 14.047)
(1152.0, -96.0, 48.0, 14.113)
(992.0, -96.0, 32.0, 14.175)
(896.0, -128.0, 32.0, 14.238)
(880.0, -96.0, 32.0, 14.304)
(960.0, -112.0, 32.0, 14.369)
(1104.0, -96.0, 48.0, 14.433)
(1264.0, -48.0, 32.0, 14.495)
(1344.0, -48.0, 48.0, 14.561)
(1312.0, -16.0, 32.0, 14.626)
(1216.0, 16.0, 32.0, 14.692)
(1040.0, 64.0, 32.0, 14.758)
(944.0, 64.0, 16.0, 14.823)
(912.0, 64.0, 32.0, 14.889)
(976.0, 48.0, 16.0, 14.951)
(1136.0, 16.0, 32.0, 15.014)
(1264.0, -16.0, 48.0, 15.08)
(1328.0, -48.0, 48.0, 15.146)
(1312.0, -80.0, 48.0, 15.211)
(1168.0, -96.0, 48.0, 15.271)
(1040.0, -80.0, 32.0, 15.334)
(928.0, -96.0, 32.0, 15.397)
(880.0, -112.0, 32.0, 15.462)
(944.0, -96.0, 32.0, 15.528)
(1072.0, -80.0, 32.0, 15.594)
(1200.0, -80.0, 48.0, 15.659)
(1312.0, -48.0, 48.0, 15.725)
(1312.0, -16.0, 32.0, 15.787)
(1232.0, -16.0, 48.0, 15.85)
(1104.0, 32.0, 32.0, 15.916)
(960.0, 64.0, 32.0, 15.982)
(928.0, 48.0, 32.0, 16.046)
(960.0, 48.0, 32.0, 16.107)
(1056.0, 48.0, 32.0, 16.173)
(1216.0, 0.0, 32.0, 16.239)
(1280.0, -32.0, 48.0, 16.304)
(1296.0, -64.0, 32.0, 16.37)
(1232.0, -80.0, 32.0, 16.437)
(1072.0, -80.0, 32.0, 16.501)
(960.0, -96.0, 32.0, 16.563)
(896.0, -112.0, 32.0, 16.627)
(912.0, -80.0, 32.0, 16.693)
(1024.0, -64.0, 48.0, 16.758)
(1152.0, -80.0, 48.0, 16.822)
(1264.0, -48.0, 48.0, 16.884)
(1296.0, -16.0, 48.0, 16.949)
(1232.0, 0.0, 48.0, 17.015)
(1120.0, 48.0, 32.0, 17.081)
(1024.0, 48.0, 32.0, 17.146)
(928.0, 48.0, 16.0, 17.212)
(944.0, 48.0, 16.0, 17.278)
(1024.0, 32.0, 32.0, 17.34)
(1136.0, 16.0, 32.0, 17.403)
(1264.0, -16.0, 48.0, 17.469)
(1280.0, -48.0, 32.0, 17.535)
(1232.0, -64.0, 32.0, 17.598)
(1136.0, -80.0, 32.0, 17.66)
(992.0, -80.0, 32.0, 17.726)
(912.0, -96.0, 32.0, 17.791)
(912.0, -112.0, 48.0, 17.857)
(1008.0, -64.0, 32.0, 17.923)
(1120.0, -80.0, 48.0, 17.988)
(1232.0, -48.0, 48.0, 18.054)
(1280.0, -32.0, 48.0, 18.116)
(1232.0, 0.0, 32.0, 18.179)
(1136.0, 32.0, 32.0, 18.245)
(1040.0, 32.0, 32.0, 18.311)
(960.0, 48.0, 16.0, 18.376)
(944.0, 48.0, 32.0, 18.436)
(1008.0, 32.0, 32.0, 18.502)
(1104.0, 16.0, 32.0, 18.568)
(1232.0, -16.0, 48.0, 18.633)
(1264.0, -32.0, 32.0, 18.699)
(1248.0, -64.0, 48.0, 18.765)
(1104.0, -80.0, 32.0, 18.83)
(1008.0, -80.0, 32.0, 18.892)
(928.0, -96.0, 32.0, 18.956)
(912.0, -112.0, 32.0, 19.021)
(992.0, -48.0, 16.0, 19.087)
(1088.0, -80.0, 32.0, 19.151)
(1184.0, -64.0, 48.0, 19.213)
(1248.0, -48.0, 48.0, 19.278)
(1232.0, 0.0, 32.0, 19.344)
(1152.0, 32.0, 48.0, 19.41)
(1056.0, 32.0, 32.0, 19.475)
(976.0, 48.0, 16.0, 19.542)
(944.0, 48.0, 16.0, 19.607)
(992.0, 32.0, 32.0, 19.668)
(1088.0, 16.0, 32.0, 19.732)
(1168.0, 0.0, 32.0, 19.798)
(1248.0, -48.0, 48.0, 19.863)
(1232.0, -64.0, 48.0, 19.927)
(1152.0, -64.0, 48.0, 19.989)
(1056.0, -80.0, 32.0, 20.055)
(944.0, -96.0, 48.0, 20.12)
(912.0, -96.0, 32.0, 20.186)
(944.0, -112.0, 32.0, 20.252)
(1072.0, -64.0, 32.0, 20.317)
(1152.0, -48.0, 48.0, 20.383)
(1232.0, -32.0, 32.0, 20.445)
(1232.0, -16.0, 32.0, 20.508)
(1152.0, -16.0, 32.0, 20.574)
(1072.0, 32.0, 32.0, 20.64)
(992.0, 32.0, 32.0, 20.704)
(960.0, 48.0, 32.0, 20.765)
(992.0, 48.0, 16.0, 20.831)
(1072.0, 32.0, 32.0, 20.897)
(1152.0, 0.0, 32.0, 20.962)
(1232.0, -32.0, 48.0, 21.028)
(1216.0, -48.0, 32.0, 21.094)
(1152.0, -64.0, 48.0, 21.159)
(1072.0, -80.0, 32.0, 21.221)
(960.0, -80.0, 32.0, 21.285)
(928.0, -96.0, 32.0, 21.35)
(944.0, -80.0, 32.0, 21.416)
(1024.0, -80.0, 32.0, 21.481)