(1776.0, 0.0, 64.0, 0.002)
(1200.0, 48.0, 112.0, 0.065)
(704.0, 112.0, 32.0, 0.127)
(528.0, 192.0, -32.0, 0.192)
(800.0, 80.0, -32.0, 0.258)
(1376.0, 0.0, 0.0, 0.324)
(2048.0, -96.0, 32.0, 0.39)
(2048.0, -208.0, 16.0, 0.455)
(1952.0, -192.0, 112.0, 0.521)
(1328.0, -208.0, 96.0, 0.583)
(640.0, -176.0, 0.0, 0.646)
(464.0, -176.0, 0.0, 0.712)
(656.0, -160.0, 16.0, 0.778)
(1136.0, -192.0, 16.0, 0.841)
(1920.0, -176.0, 16.0, 0.903)
(2048.0, -224.0, 80.0, 0.969)
(1344.0, 64.0, 64.0, 1.1)
(832.0, 144.0, 48.0, 1.166)
(592.0, 128.0, 0.0, 1.231)
(688.0, 128.0, -16.0, 1.298)
(1280.0, 32.0, 0.0, 1.363)
(1776.0, -32.0, 0.0, 1.429)
(2048.0, -112.0, 32.0, 1.494)
(1920.0, -240.0, 96.0, 1.558)
(1408.0, -192.0, 112.0, 1.62)
(864.0, -208.0, 64.0, 1.685)
(560.0, -160.0, 16.0, 1.751)
(656.0, -176.0, 0.0, 1.817)
(1088.0, -176.0, 16.0, 1.882)
(1632.0, -176.0, 16.0, 1.948)
(2048.0, -144.0, 16.0, 2.014)
(1984.0, -48.0, 48.0, 2.076)
(1504.0, 16.0, 80.0, 2.139)
(1008.0, 64.0, 80.0, 2.205)
(624.0, 96.0, 0.0, 2.271)
(704.0, 128.0, -16.0, 2.339)
(1072.0, 80.0, -16.0, 2.401)
(1568.0, -16.0, 0.0, 2.466)
(2016.0, -112.0, 0.0, 2.532)
(1952.0, -192.0, 64.0, 2.598)
(1504.0, -192.0, 80.0, 2.663)
(848.0, -192.0, 48.0, 2.729)
(592.0, -160.0, 16.0, 2.795)
(624.0, -176.0, 16.0, 2.857)
(944.0, -176.0, 0.0, 2.92)
(1600.0, -160.0, 16.0, 2.986)
(1936.0, -128.0, 16.0, 3.052)
(1952.0, -80.0, 48.0, 3.115)
(1600.0, -32.0, 48.0, 3.177)
(1008.0, 80.0, 48.0, 3.243)
(704.0, 112.0, 0.0, 3.308)
(704.0, 128.0, 0.0, 3.374)
(1136.0, 32.0, 16.0, 3.44)
(1552.0, -16.0, 0.0, 3.505)
(1888.0, -96.0, 32.0, 3.571)
(1904.0, -128.0, 64.0, 3.633)
(1424.0, -192.0, 64.0, 3.697)
(976.0, -192.0, 48.0, 3.759)
(656.0, -160.0, 16.0, 3.822)
(640.0, -160.0, 0.0, 3.888)
(880.0, -128.0, 0.0, 3.952)
(1472.0, -160.0, 16.0, 4.013)
(1824.0, -160.0, 16.0, 4.079)
(1904.0, -80.0, 32.0, 4.144)
(1488.0, -32.0, 96.0, 4.21)
(1072.0, 64.0, 48.0, 4.276)
(768.0, 112.0, -16.0, 4.342)
(752.0, 112.0, -16.0, 4.407)
(1072.0, 64.0, 0.0, 4.469)
(1472.0, -48.0, 32.0, 4.533)
(1808.0, -48.0, 32.0, 4.598)
(1824.0, -144.0, 32.0, 4.665)
(1424.0, -192.0, 80.0, 4.728)
(1008.0, -160.0, 64.0, 4.789)
(720.0, -160.0, 32.0, 4.855)
(656.0, -160.0, 0.0, 4.922)
(976.0, -160.0, 16.0, 4.986)
(1408.0, -112.0, 16.0, 5.052)
(1728.0, -128.0, 16.0, 5.118)
(1760.0, -48.0, 32.0, 5.184)
(1456.0, 0.0, 64.0, 5.245)
(1088.0, 64.0, 32.0, 5.309)
(784.0, 96.0, 0.0, 5.375)
(784.0, 96.0, 0.0, 5.44)
(1056.0, 64.0, 16.0, 5.504)
(1424.0, 0.0, 16.0, 5.566)
(1712.0, -80.0, 0.0, 5.631)
(1712.0, -112.0, 32.0, 5.697)
(1392.0, -176.0, 64.0, 5.763)
(1040.0, -160.0, 32.0, 5.828)
(704.0, -160.0, 16.0, 5.894)
(720.0, -160.0, 0.0, 5.96)
(992.0, -160.0, 16.0, 6.022)
(1360.0, -144.0, 16.0, 6.085)
(1712.0, -96.0, 16.0, 6.151)
(1712.0, -80.0, 48.0, 6.217)
(1392.0, 16.0, 32.0, 6.28)
(1072.0, 80.0, 0.0, 6.342)
(768.0, 80.0, 0.0, 6.408)
(800.0, 96.0, 16.0, 6.473)
(1056.0, 64.0, 0.0, 6.539)
(1488.0, -32.0, 16.0, 6.605)
(1696.0, -80.0, 32.0, 6.67)
(1648.0, -128.0, 32.0, 6.736)
(1360.0, -160.0, 32.0, 6.798)
(912.0, -160.0, 32.0, 6.862)
(720.0, -160.0, 16.0, 6.927)
(752.0, -160.0, 16.0, 6.993)
(1008.0, -144.0, 16.0, 7.058)
(1664.0, -96.0, 16.0, 7.19)
(1552.0, -16.0, 16.0, 7.256)
(1248.0, -16.0, 16.0, 7.321)
(960.0, 112.0, -16.0, 7.387)
(784.0, 96.0, 16.0, 7.453)
(912.0, 80.0, 0.0, 7.515)
(1184.0, 16.0, 16.0, 7.578)
(1488.0, -32.0, 16.0, 7.644)
(1664.0, -112.0, 16.0, 7.71)
(1488.0, -144.0, 16.0, 7.773)
(1184.0, -160.0, 16.0, 7.835)
(880.0, -160.0, 16.0, 7.901)
(736.0, -144.0, 0.0, 7.967)
(848.0, -160.0, 16.0, 8.032)
(1168.0, -144.0, 16.0, 8.098)
(1472.0, -112.0, 16.0, 8.163)
(1632.0, -64.0, 16.0, 8.229)
(1472.0, -16.0, 16.0, 8.291)
(1216.0, 48.0, 0.0, 8.354)
(944.0, 64.0, 16.0, 8.42)
(800.0, 80.0, 16.0, 8.491)
(944.0, 64.0, 0.0, 8.554)
(1216.0, 16.0, 16.0, 8.616)
(1488.0, -48.0, 16.0, 8.682)
(1584.0, -112.0, 16.0, 8.747)
(1424.0, -144.0, 16.0, 8.813)
(1120.0, -144.0, 32.0, 8.879)
(800.0, -144.0, 16.0, 8.944)
(752.0, -160.0, 32.0, 9.01)
(912.0, -144.0, 16.0, 9.072)
(1184.0, -128.0, 16.0, 9.135)
(1536.0, -96.0, 16.0, 9.201)
(1584.0, -64.0, 16.0, 9.267)
(1408.0, 0.0, 16.0, 9.331)
(1136.0, 64.0, 0.0, 9.392)
(864.0, 96.0, 0.0, 9.458)
(832.0, 80.0, 0.0, 9.524)
(992.0, 48.0, 0.0, 9.589)
(1344.0, -16.0, 16.0, 9.66)
(1536.0, -64.0, 16.0, 9.726)
(1536.0, -112.0, 16.0, 9.791)
(1328.0, -144.0, 16.0, 9.853)
(992.0, -144.0, 0.0, 9.917)
(800.0, -160.0, 16.0, 9.982)
(800.0, -144.0, 16.0, 10.048)
(960.0, -128.0, 16.0, 10.113)
(1328.0, -128.0, 32.0, 10.179)
(1520.0, -80.0, 16.0, 10.245)
(1472.0, -16.0, 16.0, 10.311)
(1248.0, 0.0, 32.0, 10.376)
(992.0, 48.0, 16.0, 10.442)
(848.0, 80.0, 0.0, 10.508)
(912.0, 48.0, 16.0, 10.57)
(1120.0, 32.0, 16.0, 10.633)
(1376.0, -32.0, 16.0, 10.699)
(1520.0, -96.0, 16.0, 10.766)
(1408.0, -112.0, 16.0, 10.828)
(1168.0, -144.0, 16.0, 10.89)
(928.0, -128.0, 16.0, 10.956)
(800.0, -144.0, 16.0, 11.022)
(880.0, -144.0, 0.0, 11.087)
(1120.0, -128.0, 16.0, 11.153)
(1504.0, -64.0, 16.0, 11.284)
(1392.0, -16.0, 16.0, 11.346)
(1168.0, 48.0, 16.0, 11.409)
(960.0, 48.0, 16.0, 11.475)
(864.0, 64.0, 0.0, 11.541)
(976.0, 48.0, 0.0, 11.605)
(1184.0, 0.0, 16.0, 11.666)
(1392.0, -48.0, 16.0, 11.732)
(1488.0, -112.0, 0.0, 11.798)
(1312.0, -128.0, 16.0, 11.863)
(1088.0, -128.0, 16.0, 11.929)
(848.0, -128.0, 16.0, 11.995)
(816.0, -144.0, 16.0, 12.06)
(960.0, -128.0, 16.0, 12.122)
(1392.0, -96.0, 16.0, 12.249)
(1456.0, -48.0, 0.0, 12.311)
(1312.0, -16.0, 16.0, 12.377)
(1088.0, 48.0, 0.0, 12.441)
(928.0, 64.0, 16.0, 12.502)
(896.0, 64.0, 16.0, 12.568)
(1040.0, 32.0, 16.0, 12.634)
(1248.0, -16.0, 0.0, 12.699)
(1440.0, -64.0, 16.0, 12.765)
(1408.0, -112.0, 16.0, 12.831)
(1232.0, -128.0, 16.0, 12.896)
(1008.0, -128.0, 16.0, 12.958)
(832.0, -128.0, 16.0, 13.022)
(864.0, -144.0, 16.0, 13.088)
(1024.0, -128.0, 16.0, 13.153)
(1296.0, -128.0, 16.0, 13.217)
(1424.0, -80.0, 16.0, 13.279)
(1392.0, -32.0, 16.0, 13.344)
(1232.0, -16.0, 16.0, 13.41)
(960.0, 48.0, 16.0, 13.476)
(880.0, 80.0, 16.0, 13.541)
(1168.0, 16.0, 16.0, 13.673)
(1344.0, -32.0, 16.0, 13.735)
(1424.0, -80.0, 16.0, 13.798)
(1344.0, -112.0, 16.0, 13.864)
(1088.0, -128.0, 16.0, 13.93)
(896.0, -128.0, 16.0, 13.993)
(832.0, -144.0, 16.0, 14.055)
(928.0, -128.0, 0.0, 14.121)
(1152.0, -112.0, 0.0, 14.186)
(1328.0, -96.0, 16.0, 14.252)
(1392.0, -64.0, 0.0, 14.318)
(1312.0, -16.0, 0.0, 14.384)
(1088.0, 48.0, -16.0, 14.449)
(944.0, 48.0, 0.0, 14.511)
(896.0, 48.0, 0.0, 14.574)
(992.0, 32.0, 0.0, 14.641)
(1232.0, 0.0, 16.0, 14.706)
(1360.0, -64.0, 16.0, 14.77)
(1376.0, -96.0, 16.0, 14.831)
(1264.0, -112.0, 32.0, 14.897)
(1008.0, -128.0, 16.0, 14.963)
(864.0, -128.0, 16.0, 15.028)
(864.0, -128.0, 16.0, 15.094)
(1040.0, -112.0, 16.0, 15.16)
(1216.0, -96.0, 16.0, 15.225)
(1344.0, -64.0, 16.0, 15.287)
(1360.0, -48.0, 16.0, 15.351)
(1184.0, 16.0, 16.0, 15.416)
(1008.0, 32.0, 16.0, 15.482)
(912.0, 48.0, 16.0, 15.546)
(928.0, 48.0, 16.0, 15.608)
(1120.0, 16.0, 16.0, 15.673)
(1280.0, -32.0, 16.0, 15.739)
(1360.0, -64.0, 16.0, 15.805)
(1280.0, -112.0, 16.0, 15.87)
(1104.0, -128.0, 16.0, 15.936)
(944.0, -112.0, 16.0, 16.002)
(864.0, -128.0, 16.0, 16.063)
(944.0, -128.0, 16.0, 16.127)
(1104.0, -112.0, 16.0, 16.193)
(1264.0, -96.0, 16.0, 16.258)
(1344.0, -48.0, 16.0, 16.322)
(1264.0, -32.0, 16.0, 16.39)
(1104.0, 32.0, 16.0, 16.456)
(944.0, 48.0, 16.0, 16.521)
(928.0, 48.0, 0.0, 16.587)
(1008.0, 32.0, 0.0, 16.653)
(1232.0, -16.0, 16.0, 16.718)
(1328.0, -64.0, 16.0, 16.78)
(1328.0, -96.0, 16.0, 16.844)
(1200.0, -96.0, 16.0, 16.909)
(976.0, -112.0, 16.0, 16.975)
(880.0, -128.0, 16.0, 17.039)
(896.0, -128.0, 16.0, 17.1)
(1008.0, -112.0, 16.0, 17.166)
(1232.0, -96.0, 16.0, 17.232)
(1312.0, -64.0, 16.0, 17.297)
(1312.0, -48.0, 16.0, 17.363)
(1200.0, 16.0, 16.0, 17.43)
(992.0, 48.0, 0.0, 17.495)
(928.0, 48.0, 16.0, 17.556)
(960.0, 48.0, 16.0, 17.62)
(1072.0, -16.0, 16.0, 17.687)
(1264.0, -32.0, 16.0, 17.751)
(1312.0, -64.0, 16.0, 17.815)
(1264.0, -96.0, 16.0, 17.877)
(1120.0, -128.0, 16.0, 17.942)
(928.0, -112.0, 16.0, 18.008)
(880.0, -128.0, 16.0, 18.074)
(944.0, -112.0, 16.0, 18.139)
(1136.0, -96.0, 16.0, 18.205)
(1264.0, -80.0, 16.0, 18.271)
(1312.0, -48.0, 16.0, 18.333)
(1248.0, -16.0, 16.0, 18.396)
(1072.0, 16.0, 0.0, 18.462)
(960.0, 48.0, 0.0, 18.528)
(944.0, 48.0, 0.0, 18.591)
(1008.0, 16.0, 16.0, 18.653)
(1184.0, -16.0, 16.0, 18.719)
(1280.0, -48.0, 16.0, 18.784)
(1280.0, -80.0, 16.0, 18.85)
(1152.0, -112.0, 16.0, 18.916)
(992.0, -112.0, 16.0, 18.981)
(896.0, -128.0, 16.0, 19.047)
(928.0, -96.0, 16.0, 19.113)
(1056.0, -112.0, 0.0, 19.179)
(1136.0, -96.0, 16.0, 19.161)
(1248.0, -64.0, 16.0, 19.223)
(1280.0, -32.0, 16.0, 19.286)
(1184.0, -16.0, 16.0, 19.352)
(1056.0, 0.0, 16.0, 19.418)
(944.0, 32.0, 32.0, 19.481)
(960.0, 16.0, 0.0, 19.543)
(1072.0, 16.0, 0.0, 19.609)
(1184.0, -32.0, 16.0, 19.674)
(1280.0, -64.0, 16.0, 19.74)
(1232.0, -96.0, 16.0, 19.806)
(1120.0, -112.0, 16.0, 19.871)
(944.0, -112.0, 16.0, 19.937)
(896.0, -112.0, 16.0, 19.999)
(944.0, -112.0, 16.0, 20.063)
(1232.0, -80.0, 16.0, 20.194)
(1264.0, -48.0, 16.0, 20.258)
(1216.0, -32.0, 16.0, 20.319)
(1120.0, 32.0, 0.0, 20.385)
(960.0, 32.0, 16.0, 20.451)
(944.0, 32.0, 16.0, 20.516)
(1008.0, 32.0, 16.0, 20.582)
(1168.0, -32.0, 16.0, 20.648)
(1264.0, -32.0, 16.0, 20.713)
(1248.0, -80.0, 16.0, 20.775)
Program Started
Program Started
start
(1808.0, -128.0, 128.0, 0.002)
(2048.0, -128.0, 144.0, 0.068)
(2048.0, -64.0, 128.0, 0.134)
(1712.0, -16.0, 80.0, 0.2)
(1232.0, 96.0, 0.0, 0.266)
(640.0, 64.0, 0.0, 0.331)
(576.0, 144.0, -16.0, 0.397)
(688.0, 112.0, 48.0, 0.459)
(1072.0, 48.0, 80.0, 0.523)
(1680.0, -80.0, 144.0, 0.588)
(2048.0, -112.0, 128.0, 0.653)
(2048.0, -160.0, 144.0, 0.717)
(1824.0, -192.0, 48.0, 0.78)
(1232.0, -208.0, 32.0, 0.844)
(768.0, -160.0, -96.0, 0.91)
(576.0, -112.0, -32.0, 0.976)
(720.0, -80.0, 48.0, 1.042)
(1008.0, -128.0, 48.0, 1.107)
(1440.0, -144.0, 112.0, 1.173)
(1952.0, -128.0, 144.0, 1.235)
(2048.0, -48.0, 128.0, 1.298)
(1840.0, -32.0, 96.0, 1.364)
(880.0, 160.0, -96.0, 1.494)
(656.0, 144.0, -80.0, 1.555)
(624.0, 64.0, 0.0, 1.621)
(1472.0, 48.0, 112.0, 1.752)
(1824.0, -48.0, 128.0, 1.818)
(1952.0, -192.0, 176.0, 1.884)
(1728.0, -240.0, 112.0, 1.949)
(896.0, -160.0, 32.0, 2.27)
(1264.0, -128.0, 32.0, 2.332)
(1472.0, 32.0, 80.0, 2.594)
(960.0, 48.0, 16.0, 2.857)
(1328.0, 16.0, 64.0, 2.923)
(1648.0, -64.0, 144.0, 2.987)
(1376.0, -144.0, 96.0, 3.179)
(1024.0, -144.0, 32.0, 3.245)
(672.0, -176.0, 16.0, 3.311)
(672.0, -128.0, 16.0, 3.377)
(864.0, -112.0, 16.0, 3.442)
(1520.0, -144.0, 112.0, 3.568)
(1776.0, -80.0, 112.0, 3.633)
(1456.0, 0.0, 80.0, 3.763)
(1136.0, 80.0, 48.0, 3.826)
(752.0, 96.0, -16.0, 3.956)
(1696.0, -128.0, 128.0, 4.219)
(1616.0, -144.0, 112.0, 4.28)
(1344.0, -160.0, 48.0, 4.344)
(1024.0, -160.0, 16.0, 4.41)
(720.0, -112.0, 0.0, 4.539)
(1136.0, -112.0, 64.0, 4.667)
(1632.0, -48.0, 112.0, 4.864)
(1408.0, -16.0, 80.0, 4.929)
(1232.0, 32.0, 64.0, 5.252)
(1488.0, -32.0, 96.0, 5.316)
(1632.0, -112.0, 128.0, 5.377)
(1584.0, -128.0, 112.0, 5.443)
(1296.0, -128.0, 32.0, 5.509)
(1040.0, -176.0, 64.0, 5.574)
(816.0, -112.0, 16.0, 5.64)
(768.0, -112.0, 16.0, 5.706)
(912.0, -128.0, 16.0, 5.771)
(1344.0, 0.0, 64.0, 6.092)
(1152.0, 64.0, 48.0, 6.411)
(1456.0, 16.0, 80.0, 6.476)
(992.0, -128.0, 32.0, 6.733)
(832.0, -128.0, 32.0, 6.799)
(768.0, -144.0, 32.0, 6.865)
(880.0, -128.0, 32.0, 6.929)
(1520.0, -64.0, 112.0, 7.122)
(1440.0, -16.0, 96.0, 7.187)
(1056.0, 48.0, 48.0, 7.319)
(864.0, 64.0, 32.0, 7.446)
(1184.0, 16.0, 64.0, 7.575)
(1376.0, 0.0, 96.0, 7.642)
(1504.0, -64.0, 80.0, 7.705)
(1216.0, -144.0, 48.0, 7.832)
(1008.0, -128.0, 32.0, 7.898)
(832.0, -128.0, 32.0, 8.029)
(960.0, -80.0, 48.0, 8.095)
(1360.0, -16.0, 96.0, 8.358)
(1008.0, 48.0, 48.0, 8.483)
(880.0, 80.0, 32.0, 8.549)
(896.0, 48.0, 32.0, 8.614)
(1040.0, 32.0, 48.0, 8.68)
(1216.0, 0.0, 64.0, 8.746)
(1392.0, -64.0, 80.0, 8.811)
(1424.0, -112.0, 96.0, 8.877)
(1312.0, -112.0, 48.0, 8.939)
(1136.0, -112.0, 48.0, 9.002)
(912.0, -128.0, 48.0, 9.068)
(832.0, -128.0, 48.0, 9.134)
(880.0, -112.0, 48.0, 9.198)
(992.0, -112.0, 32.0, 9.259)
(1232.0, -96.0, 80.0, 9.325)
(1360.0, -80.0, 96.0, 9.391)
(1392.0, -64.0, 80.0, 9.457)
(1264.0, -16.0, 80.0, 9.522)
(1104.0, 32.0, 32.0, 9.588)
(960.0, 32.0, 48.0, 9.654)
(896.0, 64.0, 32.0, 9.716)
(960.0, 0.0, 64.0, 9.779)
(1088.0, 16.0, 64.0, 9.845)
(1248.0, -16.0, 80.0, 9.911)
(1328.0, -64.0, 96.0, 9.974)
(1328.0, -112.0, 80.0, 10.036)
(1232.0, -128.0, 32.0, 10.102)
(1072.0, -112.0, 64.0, 10.167)
(896.0, -112.0, 32.0, 10.233)
(848.0, -128.0, 48.0, 10.299)
(1056.0, -128.0, 64.0, 10.431)
(1264.0, -96.0, 96.0, 10.496)
(1344.0, -48.0, 96.0, 10.562)
(1328.0, -32.0, 64.0, 10.628)
(1184.0, 16.0, 48.0, 10.691)
(1040.0, 48.0, 64.0, 10.753)
(928.0, 32.0, 32.0, 10.818)
(912.0, 48.0, 32.0, 10.884)
(1008.0, 48.0, 48.0, 10.95)
(1136.0, -16.0, 64.0, 11.015)
(1136.0, -112.0, 64.0, 11.272)
(992.0, -128.0, 48.0, 11.338)
(896.0, -112.0, 48.0, 11.404)
(912.0, -80.0, 32.0, 11.467)
(1120.0, -112.0, 80.0, 11.595)
(1264.0, -80.0, 112.0, 11.66)
(1296.0, -48.0, 80.0, 11.726)
(1264.0, 0.0, 64.0, 11.792)
(1104.0, 32.0, 48.0, 11.857)
(992.0, 32.0, 48.0, 11.923)
(928.0, 32.0, 32.0, 11.985)
(944.0, 32.0, 32.0, 12.048)
(1056.0, 0.0, 48.0, 12.114)
(1168.0, 0.0, 64.0, 12.18)
(1248.0, -64.0, 80.0, 12.244)
(1280.0, -96.0, 96.0, 12.305)
(1184.0, -112.0, 64.0, 12.371)
(1088.0, -64.0, 48.0, 12.437)
(944.0, -112.0, 48.0, 12.502)
(896.0, -128.0, 48.0, 12.568)
(928.0, -112.0, 48.0, 12.634)
(1056.0, -80.0, 48.0, 12.699)
(1264.0, -48.0, 80.0, 12.825)
(1248.0, -48.0, 80.0, 12.89)
(1184.0, 0.0, 64.0, 12.956)
(1072.0, 32.0, 48.0, 13.021)
(976.0, 32.0, 48.0, 13.087)
(944.0, 64.0, 32.0, 13.153)
(1008.0, 32.0, 48.0, 13.219)
(1104.0, -16.0, 64.0, 13.284)
(1184.0, -48.0, 80.0, 13.35)
(1248.0, -96.0, 96.0, 13.417)
(1200.0, -96.0, 64.0, 13.482)
(1008.0, -112.0, 48.0, 13.614)
(928.0, -112.0, 32.0, 13.679)
(928.0, -80.0, 48.0, 13.744)
(992.0, -96.0, 32.0, 13.81)
(1120.0, -64.0, 64.0, 13.876)
(1200.0, -64.0, 80.0, 13.941)
(1232.0, -48.0, 80.0, 14.007)
(1168.0, -16.0, 64.0, 14.073)
(1088.0, 16.0, 48.0, 14.135)
(1008.0, 32.0, 48.0, 14.198)
(960.0, 32.0, 48.0, 14.264)
(992.0, 16.0, 48.0, 14.33)
(1040.0, -32.0, 64.0, 14.393)
(1216.0, -32.0, 64.0, 14.521)
(1216.0, -64.0, 64.0, 14.586)
(1136.0, -80.0, 48.0, 14.652)
(1056.0, -96.0, 64.0, 14.718)
(960.0, -96.0, 48.0, 14.783)
(928.0, -112.0, 48.0, 14.849)
(960.0, -80.0, 48.0, 14.911)
(1152.0, -80.0, 80.0, 15.04)
(1200.0, -48.0, 80.0, 15.106)
(1184.0, -32.0, 64.0, 15.17)
(1024.0, 16.0, 48.0, 15.297)
(976.0, 32.0, 32.0, 15.363)
(976.0, 32.0, 48.0, 15.428)
(1104.0, -32.0, 64.0, 15.56)
(1152.0, -32.0, 80.0, 15.626)
(1184.0, -48.0, 64.0, 15.687)
(1088.0, -80.0, 64.0, 15.817)
(992.0, -112.0, 32.0, 15.882)
(960.0, -96.0, 48.0, 15.946)
(960.0, -96.0, 48.0, 16.008)
(1008.0, -80.0, 48.0, 16.074)
(1088.0, -64.0, 64.0, 16.139)
(1168.0, -64.0, 80.0, 16.205)
(1152.0, -16.0, 64.0, 16.336)
(1088.0, 0.0, 48.0, 16.403)
(992.0, 16.0, 48.0, 16.468)
(992.0, 32.0, 48.0, 16.599)
(1056.0, -16.0, 64.0, 16.663)
(1136.0, -16.0, 64.0, 16.724)
(1152.0, -48.0, 80.0, 16.719)
(1152.0, -64.0, 80.0, 16.784)
(1120.0, -80.0, 48.0, 16.85)
(1040.0, -80.0, 48.0, 16.91)
(976.0, -96.0, 32.0, 16.975)
(944.0, -96.0, 48.0, 17.041)
(976.0, -96.0, 48.0, 17.107)
(1056.0, -80.0, 64.0, 17.173)
(1104.0, -64.0, 80.0, 17.234)
(1152.0, -48.0, 80.0, 17.298)
(1152.0, -48.0, 64.0, 17.364)
(1104.0, 0.0, 64.0, 17.429)
(1056.0, 0.0, 48.0, 17.493)
(992.0, 16.0, 48.0, 17.555)
(992.0, 32.0, 48.0, 17.62)
(1008.0, 16.0, 48.0, 17.686)
(1088.0, -16.0, 64.0, 17.752)
(1120.0, -48.0, 80.0, 17.818)
(1152.0, -64.0, 80.0, 17.883)
(1120.0, -64.0, 64.0, 17.949)
(1072.0, -64.0, 48.0, 18.011)
(1008.0, -80.0, 64.0, 18.074)
(960.0, -96.0, 48.0, 18.14)
(976.0, -80.0, 48.0, 18.206)
(992.0, -80.0, 48.0, 18.269)
(1056.0, -64.0, 64.0, 18.331)
(1120.0, -64.0, 80.0, 18.397)
(1136.0, -48.0, 64.0, 18.463)
(1120.0, -16.0, 48.0, 18.529)
(1056.0, 0.0, 48.0, 18.594)
(1008.0, 16.0, 48.0, 18.66)
(992.0, 16.0, 48.0, 18.726)
(992.0, 16.0, 48.0, 18.787)
(1024.0, -32.0, 64.0, 18.851)
(1088.0, -16.0, 64.0, 18.917)
(1136.0, -32.0, 64.0, 18.982)
(1120.0, -48.0, 64.0, 19.047)
(1088.0, -80.0, 48.0, 19.108)
(1024.0, -80.0, 48.0, 19.173)
(992.0, -80.0, 32.0, 19.239)
(960.0, -80.0, 48.0, 19.305)
(1008.0, -48.0, 48.0, 19.371)
(1040.0, -64.0, 64.0, 19.436)
(1104.0, -32.0, 80.0, 19.502)
(1120.0, -64.0, 64.0, 19.564)
(1120.0, -32.0, 64.0, 19.627)
(1088.0, 0.0, 64.0, 19.693)
(1024.0, 0.0, 48.0, 19.759)
(992.0, 16.0, 48.0, 19.823)
(992.0, -32.0, 48.0, 19.884)
(1008.0, -16.0, 64.0, 19.95)
(1072.0, -32.0, 80.0, 20.016)
(1104.0, -32.0, 80.0, 20.081)
(1120.0, -48.0, 80.0, 20.147)
(1088.0, -64.0, 64.0, 20.214)
(1056.0, -64.0, 48.0, 20.278)
(992.0, -80.0, 32.0, 20.34)
(976.0, -80.0, 48.0, 20.404)